stm32f100x4 16 4 0
stm32f101x4 16 4 0
stm32f102x4 16 4 0
stm32f103x4 16 6 0
stm32f100x6 32 4 0
stm32f101x6 32 6 0
stm32f102x6 32 6 0
stm32f103x6 32 10 0
stm32f100x8 64 8 0
stm32f101x8 64 10 0
stm32f102x8 64 10 0
stm32f103x8 64 20 0
stm32f105x8 64 64 0
stm32f100xb 128 8 0
stm32f101xb 128 16 0
stm32f102xb 128 16 0
stm32f103xb 128 20 0
stm32f105xb 128 64 0
stm32f107xb 128 64 0
stm32f100xc 256 24 0
stm32f101xc 256 32 0
stm32f103xc 256 48 0
stm32f105xc 256 64 0
stm32f107xc 256 64 0
stm32f100xd 384 32 0
stm32f101xd 384 48 0
stm32f103xd 384 64 0
stm32f100xe 512 32 0
stm32f101xe 512 48 0
stm32f103xe 512 64 0
stm32f101xf 768 80 0
stm32f103xf 768 96 0
stm32f101xg 1024 80 0
stm32f103xg 1024 96 0
